47 29 47 43 17;
59 113 47 67 31;
109 31 83 29 61 17 83;
127 2 127;
73 23 31 109 89;
53 71 31 61 103;
101 73 43 83 89;
113 23 109 97 79;
73 37 47 107 89;
29 97 127 3 41;
101 47 61 113 19;
103 127 61 73 11;
7 5 31 7 71;
5 19 107 47 109;
2 89 23 89 41;
61 47 17 79 107;
43 61 41 11;
17 5 127;
89 71 29 113 17;
47 2 7 101 79;
89 101 109 2 47;
59 73 37 71 79;
41 67 113 73 31;
127 37 11 97 107;
127 67 79 107 59;
37 67 127 97 103;
11 107 7 59 89;
73 31 101 47 3;
113 101 103;
17 59 67 5 47;
53 109 41;
13 3 89 19 127;
79 47 103 47 29 113 101;
73 67 5;
53 2 109 13 11;
73 71 5;
11 17 103 19 5;
109 41 127 29 59 71 97;
43 79 113;
73 5 31 59 7;
13 31 101;
71 127 67 103 17;
127 89 19 79 47 29 5;
3 41 47;
13 2 41 23 79;
29 89 37;
127 89 47 5 79;
71 5 19 11 43 67 2;
73 113 43;
13 7 37 61 53;
97 19 23;
3 7 13 53 19 7;
113 97 73 3 19 73 83;
5 13 83;
41 61 103 47 83;
67 103 89;
3 23 11 113 23;
61 29 89 3 41 59 113;
23 97 3;
43 37 109 53 109;
73 53 37;
83 41 37 41 107;
61 2 67 79 19 29 59;
97 5 37 113 83;
47 53 23 29 113 59 109;
59 17 113 17 67;
79 3 53 103 53 23 89;
7 67 29 83 11 97 29 101 23 37 127;
61 7 79 2 37;
89 109 11 101 2 71 73;
79 13 5 97 73;
109 101 23 89 73 53 103;
3 53 107 13 83 5 89 53 97 83 103;
61 23 19 2 5;
19 73 103 83 97 47 11;
43 17 43 19 41;
29 109 73 17 127 29 3;
71 73 127 67 11 101 5 53 47 43 73;
109 97 113 101 127 109 79;
53 13 83 127 89 43 5;
61 59 2 127 59 17 97 2;
