64 68;
65 66 65; 
68 67 63 62 67; 
62; 
63 60;
63 65 60; 
61 68 62 63 66; 
62 64 65 66 60 66 61; 
62;
65 67; 
64 60 64; 
63 61 60 63 65; 
68; 
63 67; 
61 68 64; 
67 65 64 66 67; 
61 62 60 61 67 64 67; 
64; 
60 67; 
62 66 61; 
68 65 62 61 66; 
68; 
63 60; 
66 68 60; 
62 65 66 61 67; 
64 68 67 61 63 64 63; 
68; 
66 68; 
65 62 61; 
64 61 65 66 68; 
66;
68 62; 
67 62 64; 
66 65 67 64 65; 
63 61 60 67 61 68 67; 
65; 
60 66; 
60 61 65; 
66 64 65 60 62; 
63;
64 62; 
64 62 65; 
62; 61 68 64 63; 
62 64 68 66 67 62 60; 
67; 
68 66; 
62 63 64; 
63 66 64 63 68; 
65; 
68 64; 
65 67 66; 
60 62 65 62 65;
62 68 60 67 65 66 63; 
62; 
63 65; 
66 60 66; 
68 67 61 62 60; 
61; 
66 68; 
61 63 62; 
65 64 65 67 68; 
60 65 61 60 61 68 65; 
68; 
62 66; 
62 68 62; 
64 63 64 67 68; 
66; 
64 62; 
60 62 60; 
68 65 68 64 67; 
68 64 61 65 67 64 61; 
64; 
60 64; 
68 61 60; 
65 60 64 61 63; 
61; 
66 60; 
65 63 62; 
67 65 60 64 61; 
63 64 68 64 68 61 60; 
63; 
67 68; 
63 61 62; 
67 66 61 63 60; 
68 64 68 62 61 68 63; 
65; 
68 60; 
68 65 61; 
66 60 63 62 68; 
67; 
64 65; 
60 66 68; 
65 67 65 67 64; 
63 65 67 64 62 65 64; 
61; 
62 67; 
66 67 66; 
61 63 64 62 65; 
67; 
68 62; 
61 60 66; 
63 64 60 66 61; 
68 66 64 65 60 64 62; 
65; 
60 62; 
63 65 63; 
65 60 65 62 68; 
62; 
63 62; 
61 63 61; 
62 68 60 65 68; 
62 65 63 67 65 67 64; 
68; 
64 63; 
67 63 64; 
65 63 65 63 60; 
68; 
61 62; 
68 62 60; 
67 63 68 60 62; 
67 63 67 61 65 60 68; 
65; 
64 68; 
65 61 68; 
60 65 66 64 63; 
61; 
67 61; 
64 63 62; 
65 68 63 60 64; 
66 60 67 66 62 64 67; 
61; 
60 64; 
66 67 68; 
63 65 63 66 65; 
60; 
67 68; 
60 63 68; 
61 65 60 65 63; 
64 66 63 60 67 62 68; 
63; 
64 68; 
67 60 62; 
66 65 64 67 63; 
68; 
67 61; 
66;